Number of Hyperparam Combinations: 216
Number of Runs per Hyperparam Set: 5

Hyperparam Tuple                                             | Training Loss Avg       | Training Accuracy Avg   | Validation Loss Avg     | Validation Acc Avg
(128, 'relu', 0.1, 128, 'relu', 0.05, 128, 'relu', 0.05)     | 6.606903839111328       | 0.9696969866752625      | 135.5092300415039       | 0.8311688303947449
(256, 'relu', 0.1, 128, 'relu', 0.05, 128, 'relu', 0.05)     | 30.899370193481445      | 0.9333333492279052      | 147.25811462402345      | 0.8545454621315003
(128, 'relu', 0.2, 128, 'relu', 0.05, 128, 'relu', 0.05)     | 22.570148944854736      | 0.939393961429596       | 151.4352249145508       | 0.8233766198158264
(256, 'relu', 0.2, 128, 'relu', 0.05, 128, 'relu', 0.05)     | 19.05982608795166       | 0.9212121367454529      | 129.1210739135742       | 0.8545454621315003
(128, 'relu', 0.5, 128, 'relu', 0.05, 128, 'relu', 0.05)     | 82.4420295715332        | 0.8121212244033813      | 152.3061080932617       | 0.8207792162895202
(256, 'relu', 0.5, 128, 'relu', 0.05, 128, 'relu', 0.05)     | 123.52972106933593      | 0.8303030371665955      | 115.28982086181641      | 0.8363636374473572
(128, 'relu', 0.1, 256, 'relu', 0.05, 128, 'relu', 0.05)     | 30.658298301696778      | 0.939393949508667       | 180.77240600585938      | 0.8389610409736633
(256, 'relu', 0.1, 256, 'relu', 0.05, 128, 'relu', 0.05)     | 8.233715581893922       | 0.9696969747543335      | 163.89109802246094      | 0.849350655078888 
(128, 'relu', 0.2, 256, 'relu', 0.05, 128, 'relu', 0.05)     | 32.950251126289366      | 0.9272727370262146      | 171.4873291015625       | 0.8441558480262756
(256, 'relu', 0.2, 256, 'relu', 0.05, 128, 'relu', 0.05)     | 37.4472152709961        | 0.9454545617103577      | 136.6387908935547       | 0.8545454621315003
(128, 'relu', 0.5, 256, 'relu', 0.05, 128, 'relu', 0.05)     | 134.7499206542969       | 0.7818181991577149      | 113.13533020019531      | 0.8181818127632141
(256, 'relu', 0.5, 256, 'relu', 0.05, 128, 'relu', 0.05)     | 81.22984447479249       | 0.8484848618507386      | 121.51886749267578      | 0.8545454621315003
(128, 'relu', 0.1, 128, 'relu', 0.1, 128, 'relu', 0.05)      | 31.323276233673095      | 0.9333333492279052      | 134.5629638671875       | 0.8389610409736633
(256, 'relu', 0.1, 128, 'relu', 0.1, 128, 'relu', 0.05)      | 27.353957295417786      | 0.95757577419281        | 146.16681060791015      | 0.8467532515525817
(128, 'relu', 0.2, 128, 'relu', 0.1, 128, 'relu', 0.05)      | 29.2191650390625        | 0.9151515245437623      | 139.4078399658203       | 0.8415584444999695
(256, 'relu', 0.2, 128, 'relu', 0.1, 128, 'relu', 0.05)      | 20.474424743652342      | 0.9454545497894287      | 98.73264007568359       | 0.8623376727104187
(128, 'relu', 0.5, 128, 'relu', 0.1, 128, 'relu', 0.05)      | 152.8773406982422       | 0.8060606241226196      | 165.3788101196289       | 0.7740259647369385
(256, 'relu', 0.5, 128, 'relu', 0.1, 128, 'relu', 0.05)      | 168.00643615722657      | 0.739393949508667       | 78.98486557006837       | 0.8129870057106018
(128, 'relu', 0.1, 256, 'relu', 0.1, 128, 'relu', 0.05)      | 20.75803699493408       | 0.9515151619911194      | 175.92474060058595      | 0.8441558480262756
(256, 'relu', 0.1, 256, 'relu', 0.1, 128, 'relu', 0.05)      | 17.027664756774904      | 0.9696969866752625      | 152.78204345703125      | 0.8571428656578064
(128, 'relu', 0.2, 256, 'relu', 0.1, 128, 'relu', 0.05)      | 56.20185470581055       | 0.9030303239822388      | 104.54232330322266      | 0.8597402691841125
(256, 'relu', 0.2, 256, 'relu', 0.1, 128, 'relu', 0.05)      | 59.04439640045166       | 0.8969697237014771      | 168.92989807128907      | 0.8545454621315003
(128, 'relu', 0.5, 256, 'relu', 0.1, 128, 'relu', 0.05)      | 127.56787033081055      | 0.818181836605072       | 107.29026947021484      | 0.8441558480262756
(256, 'relu', 0.5, 256, 'relu', 0.1, 128, 'relu', 0.05)      | 129.4429718017578       | 0.8363636374473572      | 139.54659729003907      | 0.833766233921051 
(128, 'relu', 0.1, 128, 'relu', 0.2, 128, 'relu', 0.05)      | 66.94876289367676       | 0.9272727370262146      | 175.5468536376953       | 0.8467532515525817
(256, 'relu', 0.1, 128, 'relu', 0.2, 128, 'relu', 0.05)      | 37.80443782806397       | 0.9272727370262146      | 140.54041137695313      | 0.8311688303947449
(128, 'relu', 0.2, 128, 'relu', 0.2, 128, 'relu', 0.05)      | 46.37597141265869       | 0.8909091114997864      | 121.27195587158204      | 0.8415584444999695
(256, 'relu', 0.2, 128, 'relu', 0.2, 128, 'relu', 0.05)      | 37.682794189453126      | 0.8909091114997864      | 169.28529052734376      | 0.8259740233421325
(128, 'relu', 0.5, 128, 'relu', 0.2, 128, 'relu', 0.05)      | 182.1961700439453       | 0.7333333373069764      | 93.42707138061523       | 0.8181818127632141
(256, 'relu', 0.5, 128, 'relu', 0.2, 128, 'relu', 0.05)      | 154.0463073730469       | 0.800000011920929       | 107.2118896484375       | 0.8363636374473572
(128, 'relu', 0.1, 256, 'relu', 0.2, 128, 'relu', 0.05)      | 24.956951904296876      | 0.9696969747543335      | 198.0187774658203       | 0.8363636374473572
(256, 'relu', 0.1, 256, 'relu', 0.2, 128, 'relu', 0.05)      | 30.611715415029813      | 0.9575757622718811      | 159.75636291503906      | 0.8441558480262756
(128, 'relu', 0.2, 256, 'relu', 0.2, 128, 'relu', 0.05)      | 22.886226463317872      | 0.9515151619911194      | 137.40684661865234      | 0.833766233921051 
(256, 'relu', 0.2, 256, 'relu', 0.2, 128, 'relu', 0.05)      | 18.189794301986694      | 0.939393949508667       | 109.19571685791016      | 0.849350655078888 
(128, 'relu', 0.5, 256, 'relu', 0.2, 128, 'relu', 0.05)      | 151.91331176757814      | 0.7818181872367859      | 118.31007843017578      | 0.8259740233421325
(256, 'relu', 0.5, 256, 'relu', 0.2, 128, 'relu', 0.05)      | 106.84519958496094      | 0.8484848618507386      | 93.50198516845703       | 0.8441558480262756
(128, 'relu', 0.1, 128, 'relu', 0.05, 256, 'relu', 0.05)     | 20.284279441833498      | 0.9515151619911194      | 117.34878692626953      | 0.8389610409736633
(256, 'relu', 0.1, 128, 'relu', 0.05, 256, 'relu', 0.05)     | 7.961364364624023       | 0.9696969985961914      | 190.38751525878905      | 0.8389610409736633
(128, 'relu', 0.2, 128, 'relu', 0.05, 256, 'relu', 0.05)     | 37.942850494384764      | 0.9333333492279052      | 146.7251205444336       | 0.8467532515525817
(256, 'relu', 0.2, 128, 'relu', 0.05, 256, 'relu', 0.05)     | 25.864956519007684      | 0.939393949508667       | 139.65158386230468      | 0.8389610409736633
(128, 'relu', 0.5, 128, 'relu', 0.05, 256, 'relu', 0.05)     | 133.64199829101562      | 0.800000011920929       | 128.90047607421874      | 0.8233766198158264
(256, 'relu', 0.5, 128, 'relu', 0.05, 256, 'relu', 0.05)     | 65.61463088989258       | 0.8909091114997864      | 108.16921310424804      | 0.8259740233421325
(128, 'relu', 0.1, 256, 'relu', 0.05, 256, 'relu', 0.05)     | 12.777574288845063      | 0.9515151739120483      | 205.50436096191407      | 0.8285714268684388
(256, 'relu', 0.1, 256, 'relu', 0.05, 256, 'relu', 0.05)     | 16.765777349472046      | 0.9515151619911194      | 156.3970184326172       | 0.833766233921051 
(128, 'relu', 0.2, 256, 'relu', 0.05, 256, 'relu', 0.05)     | 25.88632869720459       | 0.9272727370262146      | 145.8102600097656       | 0.849350655078888 
(256, 'relu', 0.2, 256, 'relu', 0.05, 256, 'relu', 0.05)     | 36.966767120361325      | 0.939393949508667       | 168.3358123779297       | 0.8285714268684388
(128, 'relu', 0.5, 256, 'relu', 0.05, 256, 'relu', 0.05)     | 138.18062858581544      | 0.818181824684143       | 139.14022064208984      | 0.8441558480262756
(256, 'relu', 0.5, 256, 'relu', 0.05, 256, 'relu', 0.05)     | 79.24992218017579       | 0.8848484992980957      | 131.7985046386719       | 0.849350655078888 
(128, 'relu', 0.1, 128, 'relu', 0.1, 256, 'relu', 0.05)      | 35.13751106262207       | 0.939393949508667       | 166.059130859375        | 0.8415584444999695
(256, 'relu', 0.1, 128, 'relu', 0.1, 256, 'relu', 0.05)      | 21.671015548706055      | 0.9212121367454529      | 124.17564086914062      | 0.8025973916053772
(128, 'relu', 0.2, 128, 'relu', 0.1, 256, 'relu', 0.05)      | 75.48890647888183       | 0.8727272868156433      | 147.5175811767578       | 0.8389610409736633
(256, 'relu', 0.2, 128, 'relu', 0.1, 256, 'relu', 0.05)      | 16.527326774597167      | 0.9575757861137391      | 122.37882080078126      | 0.8545454621315003
(128, 'relu', 0.5, 128, 'relu', 0.1, 256, 'relu', 0.05)      | 152.9986831665039       | 0.8121212244033813      | 127.12552185058594      | 0.7948051929473877
(256, 'relu', 0.5, 128, 'relu', 0.1, 256, 'relu', 0.05)      | 129.95651931762694      | 0.818181836605072       | 143.85272979736328      | 0.8363636374473572
(128, 'relu', 0.1, 256, 'relu', 0.1, 256, 'relu', 0.05)      | 16.565642166137696      | 0.9454545497894287      | 166.00665283203125      | 0.8389610409736633
(256, 'relu', 0.1, 256, 'relu', 0.1, 256, 'relu', 0.05)      | 26.453215026855467      | 0.9636363744735718      | 151.76570892333984      | 0.8597402691841125
(128, 'relu', 0.2, 256, 'relu', 0.1, 256, 'relu', 0.05)      | 30.98848686218262       | 0.9333333492279052      | 179.83648529052735      | 0.8233766198158264
(256, 'relu', 0.2, 256, 'relu', 0.1, 256, 'relu', 0.05)      | 28.320253753662108      | 0.9515151619911194      | 176.85669860839843      | 0.8415584444999695
(128, 'relu', 0.5, 256, 'relu', 0.1, 256, 'relu', 0.05)      | 92.64175643920899       | 0.818181824684143       | 139.18375549316406      | 0.8207792162895202
(256, 'relu', 0.5, 256, 'relu', 0.1, 256, 'relu', 0.05)      | 135.77451934814454      | 0.8909090995788574      | 128.8022018432617       | 0.8519480586051941
(128, 'relu', 0.1, 128, 'relu', 0.2, 256, 'relu', 0.05)      | 38.65265283584595       | 0.9272727370262146      | 177.83722229003905      | 0.8389610409736633
(256, 'relu', 0.1, 128, 'relu', 0.2, 256, 'relu', 0.05)      | 36.1638484954834        | 0.9212121367454529      | 105.68058319091797      | 0.8623376727104187
(128, 'relu', 0.2, 128, 'relu', 0.2, 256, 'relu', 0.05)      | 46.99378280639648       | 0.878787887096405       | 145.87928771972656      | 0.8363636374473572
(256, 'relu', 0.2, 128, 'relu', 0.2, 256, 'relu', 0.05)      | 19.82487554550171       | 0.939393949508667       | 118.13752136230468      | 0.8467532515525817
(128, 'relu', 0.5, 128, 'relu', 0.2, 256, 'relu', 0.05)      | 189.061767578125        | 0.7878787875175476      | 143.14955291748046      | 0.8051947951316833
(256, 'relu', 0.5, 128, 'relu', 0.2, 256, 'relu', 0.05)      | 139.1567352294922       | 0.8363636493682861      | 125.02224273681641      | 0.815584409236908 
(128, 'relu', 0.1, 256, 'relu', 0.2, 256, 'relu', 0.05)      | 60.017256546020505      | 0.9272727370262146      | 161.21087646484375      | 0.8519480586051941
(256, 'relu', 0.1, 256, 'relu', 0.2, 256, 'relu', 0.05)      | 10.032421159744263      | 0.9636363863945008      | 193.69474182128906      | 0.8545454621315003
(128, 'relu', 0.2, 256, 'relu', 0.2, 256, 'relu', 0.05)      | 58.582514953613284      | 0.8969697117805481      | 198.29837951660156      | 0.8467532515525817
(256, 'relu', 0.2, 256, 'relu', 0.2, 256, 'relu', 0.05)      | 26.37287312746048       | 0.9272727370262146      | 150.92366485595704      | 0.8545454621315003
(128, 'relu', 0.5, 256, 'relu', 0.2, 256, 'relu', 0.05)      | 173.10923767089844      | 0.8060606122016907      | 109.02935028076172      | 0.8519480586051941
(256, 'relu', 0.5, 256, 'relu', 0.2, 256, 'relu', 0.05)      | 101.80922088623046      | 0.8363636493682861      | 131.924072265625        | 0.849350655078888 
(128, 'relu', 0.1, 128, 'relu', 0.05, 128, 'relu', 0.1)      | 37.60084991455078       | 0.9212121367454529      | 135.09778900146483      | 0.8415584444999695
(256, 'relu', 0.1, 128, 'relu', 0.05, 128, 'relu', 0.1)      | 13.258212757110595      | 0.9696969866752625      | 147.76439056396484      | 0.8415584444999695
(128, 'relu', 0.2, 128, 'relu', 0.05, 128, 'relu', 0.1)      | 52.808157730102536      | 0.8909090995788574      | 160.06875               | 0.8233766198158264
(256, 'relu', 0.2, 128, 'relu', 0.05, 128, 'relu', 0.1)      | 23.61713181734085       | 0.939393949508667       | 124.24759368896484      | 0.8415584444999695
(128, 'relu', 0.5, 128, 'relu', 0.05, 128, 'relu', 0.1)      | 197.44551696777344      | 0.7818181872367859      | 135.58824768066407      | 0.8285714268684388
(256, 'relu', 0.5, 128, 'relu', 0.05, 128, 'relu', 0.1)      | 103.2754680633545       | 0.8666666746139526      | 125.69104766845703      | 0.8415584444999695
(128, 'relu', 0.1, 256, 'relu', 0.05, 128, 'relu', 0.1)      | 13.899387502670288      | 0.9696969866752625      | 218.14301147460938      | 0.8389610409736633
(256, 'relu', 0.1, 256, 'relu', 0.05, 128, 'relu', 0.1)      | 10.194142532348632      | 0.9757575869560242      | 148.6240249633789       | 0.8571428656578064
(128, 'relu', 0.2, 256, 'relu', 0.05, 128, 'relu', 0.1)      | 31.65054397583008       | 0.9212121367454529      | 155.85350646972657      | 0.8051948070526123
(256, 'relu', 0.2, 256, 'relu', 0.05, 128, 'relu', 0.1)      | 27.297670555114745      | 0.939393949508667       | 125.10781860351562      | 0.8545454621315003
(128, 'relu', 0.5, 256, 'relu', 0.05, 128, 'relu', 0.1)      | 92.67282991409301       | 0.8363636493682861      | 158.56145935058595      | 0.8155844211578369
(256, 'relu', 0.5, 256, 'relu', 0.05, 128, 'relu', 0.1)      | 96.08131408691406       | 0.8242424368858338      | 110.4794418334961       | 0.8441558480262756
(128, 'relu', 0.1, 128, 'relu', 0.1, 128, 'relu', 0.1)       | 34.85025405883789       | 0.9454545617103577      | 135.08241424560546      | 0.8519480586051941
(256, 'relu', 0.1, 128, 'relu', 0.1, 128, 'relu', 0.1)       | 18.293398666381837      | 0.9515151739120483      | 129.1743492126465       | 0.8519480586051941
(128, 'relu', 0.2, 128, 'relu', 0.1, 128, 'relu', 0.1)       | 43.87435607910156       | 0.9030303120613098      | 162.3262481689453       | 0.8441558480262756
(256, 'relu', 0.2, 128, 'relu', 0.1, 128, 'relu', 0.1)       | 23.596345710754395      | 0.9515151619911194      | 156.9687957763672       | 0.8441558480262756
(128, 'relu', 0.5, 128, 'relu', 0.1, 128, 'relu', 0.1)       | 165.1501495361328       | 0.7939393997192383      | 137.65337829589845      | 0.8025973916053772
(256, 'relu', 0.5, 128, 'relu', 0.1, 128, 'relu', 0.1)       | 121.13100891113281      | 0.8121212124824524      | 110.73966827392579      | 0.8389610409736633
(128, 'relu', 0.1, 256, 'relu', 0.1, 128, 'relu', 0.1)       | 48.64267053604126       | 0.9151515245437623      | 153.53648834228517      | 0.8571428656578064
(256, 'relu', 0.1, 256, 'relu', 0.1, 128, 'relu', 0.1)       | 12.505314260721207      | 0.95757577419281        | 165.69720001220702      | 0.8415584444999695
(128, 'relu', 0.2, 256, 'relu', 0.1, 128, 'relu', 0.1)       | 58.743769836425784      | 0.9030303120613098      | 110.1670768737793       | 0.8363636493682861
(256, 'relu', 0.2, 256, 'relu', 0.1, 128, 'relu', 0.1)       | 21.628524684906004      | 0.9575757622718811      | 138.45305633544922      | 0.8571428656578064
(128, 'relu', 0.5, 256, 'relu', 0.1, 128, 'relu', 0.1)       | 70.54178237915039       | 0.8121212124824524      | 106.90058746337891      | 0.8181818127632141
(256, 'relu', 0.5, 256, 'relu', 0.1, 128, 'relu', 0.1)       | 96.05868301391601       | 0.8303030490875244      | 110.6544692993164       | 0.8259740233421325
(128, 'relu', 0.1, 128, 'relu', 0.2, 128, 'relu', 0.1)       | 45.81284408569336       | 0.9272727370262146      | 164.71460723876953      | 0.815584409236908 
(256, 'relu', 0.1, 128, 'relu', 0.2, 128, 'relu', 0.1)       | 33.45292358398437       | 0.939393949508667       | 152.42374572753906      | 0.8467532515525817
(128, 'relu', 0.2, 128, 'relu', 0.2, 128, 'relu', 0.1)       | 70.25671801567077       | 0.8666666746139526      | 164.1682159423828       | 0.8415584444999695
(256, 'relu', 0.2, 128, 'relu', 0.2, 128, 'relu', 0.1)       | 61.6611988067627        | 0.8909091114997864      | 153.56490325927734      | 0.8441558480262756
(128, 'relu', 0.5, 128, 'relu', 0.2, 128, 'relu', 0.1)       | 212.88840026855468      | 0.7696969747543335      | 117.10899810791015      | 0.8103896021842957
(256, 'relu', 0.5, 128, 'relu', 0.2, 128, 'relu', 0.1)       | 197.31210174560547      | 0.7818181872367859      | 99.60481185913086       | 0.8285714268684388
(128, 'relu', 0.1, 256, 'relu', 0.2, 128, 'relu', 0.1)       | 53.51926798820496       | 0.9090909242630005      | 141.76414337158204      | 0.8415584444999695
(256, 'relu', 0.1, 256, 'relu', 0.2, 128, 'relu', 0.1)       | 17.483916091918946      | 0.9515151619911194      | 147.36610565185546      | 0.8467532515525817
(128, 'relu', 0.2, 256, 'relu', 0.2, 128, 'relu', 0.1)       | 65.53993492126465       | 0.8969696998596192      | 166.86346282958985      | 0.849350655078888 
(256, 'relu', 0.2, 256, 'relu', 0.2, 128, 'relu', 0.1)       | 31.499183654785156      | 0.9454545617103577      | 142.76992492675782      | 0.8519480586051941
(128, 'relu', 0.5, 256, 'relu', 0.2, 128, 'relu', 0.1)       | 95.8491340637207        | 0.8484848618507386      | 96.01876754760742       | 0.8467532515525817
(256, 'relu', 0.5, 256, 'relu', 0.2, 128, 'relu', 0.1)       | 95.96728515625          | 0.878787887096405       | 124.68205871582032      | 0.8259740233421325
(128, 'relu', 0.1, 128, 'relu', 0.05, 256, 'relu', 0.1)      | 32.3003945350647        | 0.9212121367454529      | 181.03765106201172      | 0.8181818127632141
(256, 'relu', 0.1, 128, 'relu', 0.05, 256, 'relu', 0.1)      | 24.840090942382812      | 0.9333333373069763      | 111.01199340820312      | 0.8467532515525817
(128, 'relu', 0.2, 128, 'relu', 0.05, 256, 'relu', 0.1)      | 28.217523765563964      | 0.9515151619911194      | 154.34995880126954      | 0.833766233921051 
(256, 'relu', 0.2, 128, 'relu', 0.05, 256, 'relu', 0.1)      | 44.97383441925049       | 0.9030303120613098      | 113.16990966796875      | 0.8467532515525817
(128, 'relu', 0.5, 128, 'relu', 0.05, 256, 'relu', 0.1)      | 167.7845016479492       | 0.8121212244033813      | 133.60778350830077      | 0.815584409236908 
(256, 'relu', 0.5, 128, 'relu', 0.05, 256, 'relu', 0.1)      | 96.39437103271484       | 0.818181824684143       | 119.65183715820312      | 0.8311688303947449
(128, 'relu', 0.1, 256, 'relu', 0.05, 256, 'relu', 0.1)      | 39.42348175048828       | 0.9454545497894287      | 179.22178497314454      | 0.8467532515525817
(256, 'relu', 0.1, 256, 'relu', 0.05, 256, 'relu', 0.1)      | 16.38043817579746       | 0.9454545617103577      | 140.54388275146485      | 0.8753246903419495
(128, 'relu', 0.2, 256, 'relu', 0.05, 256, 'relu', 0.1)      | 28.44229335784912       | 0.9090909242630005      | 165.33810119628907      | 0.8545454621315003
(256, 'relu', 0.2, 256, 'relu', 0.05, 256, 'relu', 0.1)      | 11.551521682739258      | 0.9757575869560242      | 171.90229187011718      | 0.8311688303947449
(128, 'relu', 0.5, 256, 'relu', 0.05, 256, 'relu', 0.1)      | 128.32314529418946      | 0.818181824684143       | 111.68426513671875      | 0.8415584444999695
(256, 'relu', 0.5, 256, 'relu', 0.05, 256, 'relu', 0.1)      | 87.31930236816406       | 0.8666666865348815      | 131.628564453125        | 0.833766233921051 
(128, 'relu', 0.1, 128, 'relu', 0.1, 256, 'relu', 0.1)       | 24.58161392211914       | 0.9454545617103577      | 157.09931335449218      | 0.8441558480262756
(256, 'relu', 0.1, 128, 'relu', 0.1, 256, 'relu', 0.1)       | 23.543769073486327      | 0.95757577419281        | 117.05839080810547      | 0.833766233921051 
(128, 'relu', 0.2, 128, 'relu', 0.1, 256, 'relu', 0.1)       | 44.3823127746582        | 0.8909090995788574      | 134.0244873046875       | 0.849350655078888 
(256, 'relu', 0.2, 128, 'relu', 0.1, 256, 'relu', 0.1)       | 26.06353588104248       | 0.939393949508667       | 133.5703598022461       | 0.8441558480262756
(128, 'relu', 0.5, 128, 'relu', 0.1, 256, 'relu', 0.1)       | 166.68926086425782      | 0.7757575869560241      | 140.29691619873046      | 0.7870129704475403
(256, 'relu', 0.5, 128, 'relu', 0.1, 256, 'relu', 0.1)       | 88.28748741149903       | 0.8484848499298095      | 108.99363403320312      | 0.8363636374473572
(128, 'relu', 0.1, 256, 'relu', 0.1, 256, 'relu', 0.1)       | 18.037121534347534      | 0.9696969866752625      | 175.36362915039064      | 0.833766233921051 
(256, 'relu', 0.1, 256, 'relu', 0.1, 256, 'relu', 0.1)       | 9.87512559890747        | 0.9636363744735718      | 119.81552429199219      | 0.8571428656578064
(128, 'relu', 0.2, 256, 'relu', 0.1, 256, 'relu', 0.1)       | 46.56021499633789       | 0.921212124824524       | 128.37895660400392      | 0.8389610409736633
(256, 'relu', 0.2, 256, 'relu', 0.1, 256, 'relu', 0.1)       | 28.968685722351076      | 0.9333333492279052      | 143.58261413574218      | 0.8545454621315003
(128, 'relu', 0.5, 256, 'relu', 0.1, 256, 'relu', 0.1)       | 151.26539611816406      | 0.7939393997192383      | 163.32847442626954      | 0.7896103739738465
(256, 'relu', 0.5, 256, 'relu', 0.1, 256, 'relu', 0.1)       | 97.77396392822266       | 0.8363636612892151      | 110.3971160888672       | 0.8389610409736633
(128, 'relu', 0.1, 128, 'relu', 0.2, 256, 'relu', 0.1)       | 47.515594482421875      | 0.8969697117805481      | 152.19995574951173      | 0.8389610409736633
(256, 'relu', 0.1, 128, 'relu', 0.2, 256, 'relu', 0.1)       | 25.328776550292968      | 0.9212121367454529      | 118.72992248535157      | 0.8519480586051941
(128, 'relu', 0.2, 128, 'relu', 0.2, 256, 'relu', 0.1)       | 34.879752731323244      | 0.9272727370262146      | 140.15349884033202      | 0.8285714268684388
(256, 'relu', 0.2, 128, 'relu', 0.2, 256, 'relu', 0.1)       | 20.141684150695802      | 0.9272727489471435      | 110.8806640625          | 0.8519480586051941
(128, 'relu', 0.5, 128, 'relu', 0.2, 256, 'relu', 0.1)       | 196.65743103027344      | 0.7515151739120484      | 110.76136932373046      | 0.8259740233421325
(256, 'relu', 0.5, 128, 'relu', 0.2, 256, 'relu', 0.1)       | 122.67670059204102      | 0.7878787875175476      | 116.4206787109375       | 0.8311688303947449
(128, 'relu', 0.1, 256, 'relu', 0.2, 256, 'relu', 0.1)       | 41.49519348144531       | 0.939393949508667       | 187.52655029296875      | 0.8441558480262756
(256, 'relu', 0.1, 256, 'relu', 0.2, 256, 'relu', 0.1)       | 5.533371579647064       | 0.9636363863945008      | 170.68014831542968      | 0.8519480586051941
(128, 'relu', 0.2, 256, 'relu', 0.2, 256, 'relu', 0.1)       | 29.899687385559083      | 0.9090909242630005      | 159.92198944091797      | 0.8285714268684388
(256, 'relu', 0.2, 256, 'relu', 0.2, 256, 'relu', 0.1)       | 30.960003423690797      | 0.9454545497894287      | 162.3681182861328       | 0.8415584444999695
(128, 'relu', 0.5, 256, 'relu', 0.2, 256, 'relu', 0.1)       | 136.3794174194336       | 0.7878787994384766      | 135.59313049316407      | 0.8285714268684388
(256, 'relu', 0.5, 256, 'relu', 0.2, 256, 'relu', 0.1)       | 81.82951431274414       | 0.8727272748947144      | 108.38668518066406      | 0.8441558480262756
(128, 'relu', 0.1, 128, 'relu', 0.05, 128, 'relu', 0.2)      | 43.4169379234314        | 0.9030303120613098      | 141.1204818725586       | 0.8415584444999695
(256, 'relu', 0.1, 128, 'relu', 0.05, 128, 'relu', 0.2)      | 21.428691482543947      | 0.9515151739120483      | 122.79782409667969      | 0.8467532515525817
(128, 'relu', 0.2, 128, 'relu', 0.05, 128, 'relu', 0.2)      | 37.48147430419922       | 0.9151515364646912      | 137.08651275634764      | 0.8363636374473572
(256, 'relu', 0.2, 128, 'relu', 0.05, 128, 'relu', 0.2)      | 38.76774845123291       | 0.9272727489471435      | 106.6505859375          | 0.8649350762367248
(128, 'relu', 0.5, 128, 'relu', 0.05, 128, 'relu', 0.2)      | 178.55482330322266      | 0.7939393997192383      | 134.93278121948242      | 0.8233766198158264
(256, 'relu', 0.5, 128, 'relu', 0.05, 128, 'relu', 0.2)      | 100.45652542114257      | 0.8303030490875244      | 104.79020843505859      | 0.8467532515525817
(128, 'relu', 0.1, 256, 'relu', 0.05, 128, 'relu', 0.2)      | 25.097318649291992      | 0.939393937587738       | 147.28840179443358      | 0.8467532515525817
(256, 'relu', 0.1, 256, 'relu', 0.05, 128, 'relu', 0.2)      | 19.516763305664064      | 0.95757577419281        | 128.0472625732422       | 0.8441558480262756
(128, 'relu', 0.2, 256, 'relu', 0.05, 128, 'relu', 0.2)      | 27.767627239227295      | 0.9212121367454529      | 126.0959457397461       | 0.8389610409736633
(256, 'relu', 0.2, 256, 'relu', 0.05, 128, 'relu', 0.2)      | 22.209390926361085      | 0.9515151739120483      | 112.73512268066406      | 0.8519480586051941
(128, 'relu', 0.5, 256, 'relu', 0.05, 128, 'relu', 0.2)      | 80.94069862365723       | 0.8303030371665955      | 101.96939544677734      | 0.8051947951316833
(256, 'relu', 0.5, 256, 'relu', 0.05, 128, 'relu', 0.2)      | 92.47282562255859       | 0.8363636374473572      | 114.40207366943359      | 0.8363636374473572
(128, 'relu', 0.1, 128, 'relu', 0.1, 128, 'relu', 0.2)       | 55.30860595703125       | 0.9151515245437623      | 183.13206481933594      | 0.8259740233421325
(256, 'relu', 0.1, 128, 'relu', 0.1, 128, 'relu', 0.2)       | 31.64092140197754       | 0.9272727370262146      | 118.36793212890625      | 0.867532479763031 
(128, 'relu', 0.2, 128, 'relu', 0.1, 128, 'relu', 0.2)       | 60.69277763366699       | 0.8909090995788574      | 149.4606689453125       | 0.833766233921051 
(256, 'relu', 0.2, 128, 'relu', 0.1, 128, 'relu', 0.2)       | 52.26471843719482       | 0.8909090995788574      | 128.08294219970702      | 0.8233766198158264
(128, 'relu', 0.5, 128, 'relu', 0.1, 128, 'relu', 0.2)       | 106.61588897705079      | 0.8121212244033813      | 122.5009780883789       | 0.8025973916053772
(256, 'relu', 0.5, 128, 'relu', 0.1, 128, 'relu', 0.2)       | 129.10846252441405      | 0.7939394116401672      | 106.55965728759766      | 0.8285714268684388
(128, 'relu', 0.1, 256, 'relu', 0.1, 128, 'relu', 0.2)       | 39.684094715118405      | 0.9212121367454529      | 129.17352905273438      | 0.8545454621315003
(256, 'relu', 0.1, 256, 'relu', 0.1, 128, 'relu', 0.2)       | 9.42146806716919        | 0.95757577419281        | 171.52694702148438      | 0.8441558480262756
(128, 'relu', 0.2, 256, 'relu', 0.1, 128, 'relu', 0.2)       | 56.07569465637207       | 0.9030303239822388      | 111.03033294677735      | 0.849350655078888 
(256, 'relu', 0.2, 256, 'relu', 0.1, 128, 'relu', 0.2)       | 23.388144540786744      | 0.9333333492279052      | 116.17195129394531      | 0.849350655078888 
(128, 'relu', 0.5, 256, 'relu', 0.1, 128, 'relu', 0.2)       | 96.84373931884765       | 0.800000011920929       | 92.44158325195312       | 0.8051947951316833
(256, 'relu', 0.5, 256, 'relu', 0.1, 128, 'relu', 0.2)       | 71.3937614440918        | 0.8484848618507386      | 114.18373413085938      | 0.833766233921051 
(128, 'relu', 0.1, 128, 'relu', 0.2, 128, 'relu', 0.2)       | 56.22786293029785       | 0.9030303239822388      | 163.25615844726562      | 0.8415584444999695
(256, 'relu', 0.1, 128, 'relu', 0.2, 128, 'relu', 0.2)       | 26.00989637374878       | 0.939393961429596       | 160.77657012939454      | 0.8415584444999695
(128, 'relu', 0.2, 128, 'relu', 0.2, 128, 'relu', 0.2)       | 60.95077476501465       | 0.860606062412262       | 153.40174865722656      | 0.8441558480262756
(256, 'relu', 0.2, 128, 'relu', 0.2, 128, 'relu', 0.2)       | 56.58714218139649       | 0.8969697117805481      | 121.85277557373047      | 0.8389610409736633
(128, 'relu', 0.5, 128, 'relu', 0.2, 128, 'relu', 0.2)       | 251.70350036621093      | 0.6969696998596191      | 125.92657470703125      | 0.8051948070526123
(256, 'relu', 0.5, 128, 'relu', 0.2, 128, 'relu', 0.2)       | 198.72173004150392      | 0.7696969628334045      | 138.70480499267578      | 0.7974025845527649
(128, 'relu', 0.1, 256, 'relu', 0.2, 128, 'relu', 0.2)       | 12.959328673756682      | 0.95757577419281        | 141.06548767089845      | 0.8545454621315003
(256, 'relu', 0.1, 256, 'relu', 0.2, 128, 'relu', 0.2)       | 29.732980394363402      | 0.9454545617103577      | 151.15767822265624      | 0.8389610409736633
(128, 'relu', 0.2, 256, 'relu', 0.2, 128, 'relu', 0.2)       | 93.76731033325196       | 0.860606062412262       | 113.94937133789062      | 0.8311688303947449
(256, 'relu', 0.2, 256, 'relu', 0.2, 128, 'relu', 0.2)       | 27.581305694580077      | 0.9454545617103577      | 111.11136169433594      | 0.8389610409736633
(128, 'relu', 0.5, 256, 'relu', 0.2, 128, 'relu', 0.2)       | 167.25181579589844      | 0.7696969747543335      | 104.49886016845703      | 0.8051947951316833
(256, 'relu', 0.5, 256, 'relu', 0.2, 128, 'relu', 0.2)       | 89.64528427124023       | 0.818181824684143       | 93.96260833740234       | 0.849350655078888 
(128, 'relu', 0.1, 128, 'relu', 0.05, 256, 'relu', 0.2)      | 27.993619918823242      | 0.9636363863945008      | 171.5975128173828       | 0.833766233921051 
(256, 'relu', 0.1, 128, 'relu', 0.05, 256, 'relu', 0.2)      | 3.289864110946655       | 0.9878787994384766      | 134.2676574707031       | 0.849350655078888 
(128, 'relu', 0.2, 128, 'relu', 0.05, 256, 'relu', 0.2)      | 36.4517936706543        | 0.9151515245437623      | 170.0889678955078       | 0.8415584444999695
(256, 'relu', 0.2, 128, 'relu', 0.05, 256, 'relu', 0.2)      | 43.2746298789978        | 0.9151515245437623      | 139.4697998046875       | 0.8467532515525817
(128, 'relu', 0.5, 128, 'relu', 0.05, 256, 'relu', 0.2)      | 151.14113159179686      | 0.818181824684143       | 139.8512985229492       | 0.8363636374473572
(256, 'relu', 0.5, 128, 'relu', 0.05, 256, 'relu', 0.2)      | 87.12212600708008       | 0.8606060743331909      | 142.78307342529297      | 0.8441558480262756
(128, 'relu', 0.1, 256, 'relu', 0.05, 256, 'relu', 0.2)      | 18.398907470703126      | 0.9696969866752625      | 185.45926971435546      | 0.8311688303947449
(256, 'relu', 0.1, 256, 'relu', 0.05, 256, 'relu', 0.2)      | 18.188306665420534      | 0.95757577419281        | 166.81800689697266      | 0.8519480586051941
(128, 'relu', 0.2, 256, 'relu', 0.05, 256, 'relu', 0.2)      | 45.316083908081055      | 0.9454545617103577      | 176.12317504882813      | 0.8545454621315003
(256, 'relu', 0.2, 256, 'relu', 0.05, 256, 'relu', 0.2)      | 26.473051071166992      | 0.9454545617103577      | 119.54916534423828      | 0.8571428656578064
(128, 'relu', 0.5, 256, 'relu', 0.05, 256, 'relu', 0.2)      | 138.44281463623048      | 0.7818181872367859      | 140.4494400024414       | 0.7974025845527649
(256, 'relu', 0.5, 256, 'relu', 0.05, 256, 'relu', 0.2)      | 100.60144805908203      | 0.8424242377281189      | 140.4026611328125       | 0.8415584444999695
(128, 'relu', 0.1, 128, 'relu', 0.1, 256, 'relu', 0.2)       | 46.98359909057617       | 0.9272727489471435      | 155.43265533447266      | 0.8441558480262756
(256, 'relu', 0.1, 128, 'relu', 0.1, 256, 'relu', 0.2)       | 35.23100099563599       | 0.9454545736312866      | 148.3326858520508       | 0.8389610409736633
(128, 'relu', 0.2, 128, 'relu', 0.1, 256, 'relu', 0.2)       | 58.81716690063477       | 0.8909090995788574      | 147.18254852294922      | 0.8259740233421325
(256, 'relu', 0.2, 128, 'relu', 0.1, 256, 'relu', 0.2)       | 35.070048332214355      | 0.9333333492279052      | 141.36073455810546      | 0.8441558480262756
(128, 'relu', 0.5, 128, 'relu', 0.1, 256, 'relu', 0.2)       | 227.37006530761718      | 0.8                     | 142.76457977294922      | 0.8207792162895202
(256, 'relu', 0.5, 128, 'relu', 0.1, 256, 'relu', 0.2)       | 134.4620346069336       | 0.8060606122016907      | 144.56032104492186      | 0.8207792162895202
(128, 'relu', 0.1, 256, 'relu', 0.1, 256, 'relu', 0.2)       | 39.52202401161194       | 0.9212121367454529      | 198.70928955078125      | 0.8389610409736633
(256, 'relu', 0.1, 256, 'relu', 0.1, 256, 'relu', 0.2)       | 10.028780365712715      | 0.9818181991577148      | 141.75302429199218      | 0.8571428656578064
(128, 'relu', 0.2, 256, 'relu', 0.1, 256, 'relu', 0.2)       | 34.45780868530274       | 0.939393949508667       | 193.03107757568358      | 0.815584409236908 
(256, 'relu', 0.2, 256, 'relu', 0.1, 256, 'relu', 0.2)       | 25.68245506286621       | 0.9515151500701904      | 177.01942138671876      | 0.849350655078888 
(128, 'relu', 0.5, 256, 'relu', 0.1, 256, 'relu', 0.2)       | 105.81092567443848      | 0.8424242496490478      | 146.40257720947267      | 0.8363636374473572
(256, 'relu', 0.5, 256, 'relu', 0.1, 256, 'relu', 0.2)       | 95.83236732482911       | 0.8545454621315003      | 120.93365783691407      | 0.8259740233421325
(128, 'relu', 0.1, 128, 'relu', 0.2, 256, 'relu', 0.2)       | 51.258114624023435      | 0.8909091114997864      | 178.2157745361328       | 0.8259740233421325
(256, 'relu', 0.1, 128, 'relu', 0.2, 256, 'relu', 0.2)       | 14.802985191345215      | 0.9636363744735718      | 125.55702209472656      | 0.8467532515525817
(128, 'relu', 0.2, 128, 'relu', 0.2, 256, 'relu', 0.2)       | 85.83964538574219       | 0.878787887096405       | 143.29068450927736      | 0.8389610409736633
(256, 'relu', 0.2, 128, 'relu', 0.2, 256, 'relu', 0.2)       | 23.65682258605957       | 0.921212124824524       | 128.0266357421875       | 0.8181818127632141
(128, 'relu', 0.5, 128, 'relu', 0.2, 256, 'relu', 0.2)       | 187.5354782104492       | 0.8                     | 119.2729248046875       | 0.8129870057106018
(256, 'relu', 0.5, 128, 'relu', 0.2, 256, 'relu', 0.2)       | 140.15415115356444      | 0.800000011920929       | 119.14454193115235      | 0.8415584444999695
(128, 'relu', 0.1, 256, 'relu', 0.2, 256, 'relu', 0.2)       | 36.63203431195579       | 0.939393961429596       | 207.43761291503907      | 0.833766233921051 
(256, 'relu', 0.1, 256, 'relu', 0.2, 256, 'relu', 0.2)       | 26.186019134521484      | 0.9696969747543335      | 200.81837310791016      | 0.8363636374473572
(128, 'relu', 0.2, 256, 'relu', 0.2, 256, 'relu', 0.2)       | 79.58964538574219       | 0.9151515364646912      | 187.70904541015625      | 0.8415584444999695
(256, 'relu', 0.2, 256, 'relu', 0.2, 256, 'relu', 0.2)       | 17.162441158294676      | 0.9212121367454529      | 127.76457824707032      | 0.8363636374473572
(128, 'relu', 0.5, 256, 'relu', 0.2, 256, 'relu', 0.2)       | 244.89046630859374      | 0.7636363625526428      | 174.33084411621093      | 0.7896103858947754
(256, 'relu', 0.5, 256, 'relu', 0.2, 256, 'relu', 0.2)       | 104.01666870117188      | 0.8606060743331909      | 113.60333251953125      | 0.8441558480262756